[background6.jpg]
filters=fill=1,0.532710;fill=1,0.411215;
moddate=54bf664b1d66cf01
width=300
height=300
textactive=0
[background3_side.jpg]
filters=fill=1,0.504673;
moddate=8147c36f1d66cf01
width=1415
height=955
textactive=0
[background4.jpg]
filters=crop64=1,ffff26a3;
crop=rect64(ffff26a3)
moddate=89ffa7804066cf01
width=1920
height=1080
textactive=0
